// This is a commentary line. Everything after // is ignored.
// Pattern:
//     first two numbers are x and y coordinates
//     the following four correspond to possibility of going up-, left-, down- and rightward

// 1st column
20 19 0 0 1 1
20 77 1 0 1 1
20 123 1 0 0 1
20 302 0 0 1 1
20 347 1 0 0 1
20 392 0 0 1 1
20 437 1 0 0 1

// 2nd column
50 347 0 1 1 0
50 392 1 1 0 1

// 3rd column
97 19 0 1 1 1
97 77 1 1 1 1
97 123 1 1 1 0
97 212 1 1 1 1
97 302 1 1 1 1
97 347 1 0 1 1
97 392 1 1 0 0

// 4th column
143 77 0 1 1 1
143 123 1 0 0 1
143 168 0 0 1 1
143 212 1 1 1 0
143 257 1 0 1 1
143 302 1 1 0 1
143 347 0 1 1 1
143 392 1 0 0 1

// 5th column
189 19 0 1 1 0
189 77 1 1 0 1
189 123 0 1 1 0
189 168 1 1 0 1
189 302 0 1 1 0
189 347 1 1 0 1
189 392 0 1 1 0
189 437 1 1 0 1

// 6th column
237 19 0 0 1 1
237 77 1 1 0 1
237 123 0 0 1 1
237 168 1 1 0 1
237 302 0 0 1 1
237 347 1 1 0 1
237 392 0 0 1 1
237 437 1 1 0 1

// 7th column
282 77 0 1 1 1
282 123 1 1 0 0
282 168 0 1 1 0
282 212 1 0 1 1
282 257 1 1 1 0
282 302 1 1 0 1
282 347 0 1 1 1
282 392 1 1 0 0

// 8th column
329 19 0 1 1 1
329 77 1 1 1 1
329 123 1 0 1 1
329 212 1 1 1 1
329 302 1 1 1 1
329 347 1 1 1 0
329 392 1 0 0 1

// 9th column
376 347 0 0 1 1
376 392 1 1 0 1

// 10th column
406 19 0 1 1 0
406 77 1 1 1 0
406 123 1 1 0 0
406 302 0 1 1 0
406 347 1 1 0 0
406 392 0 1 1 0
406 437 1 1 0 0
